RHIZO 2016a	Operator	Analysis Date Time	ImageFileName	ImageAcqDeviceAndSoftwareInfo DateTimeModified	AnalysedRegionArea(cm2)	AnalysedRegionWidth(cm)	AnalysedRegionHeight(cm)	Left Top Right Bottom  NExclusions	DevOrder Criteria	ImgType CalibMeth TPU Units PxSizeH PxSizeV [CalFile]	PxClassif	Filters	Fractal PxMin PxMax	SoilVol(m3)	Length(cm)	RatioHypLeafToRootLen	ProjArea(cm2)	RatioHypLeafToRootArea	SurfArea(cm2)		AvgDiam(mm)		LenPerVol(cm/m3)		RootVolume(cm3)	FractalDimension	FractalDeviation	Tips	Forks	Crossings	NofLinks	Altitude	ExternalPathLength	LinkAvgLength(cm)	LinkAvgProjArea(cm2)	LinkAvgSurfArea(cm2)	LinkAvgDiam(mm)	LinkAvgBrAngle(deg)	NofNodules	HypocotylLeafArea	HypocotylLeafLength	NAxis	Main NAxis	Main TotLength	Lateral NAxis	Lateral TotLength	Tertiary NAxis	Tertiary TotLength	NSeedlings	NumberOfClasses	ClassBoundaries	0<.L.<=0.5000000	0.5000000<.L.<=1.0000000	1.0000000<.L.<=1.5000000	1.5000000<.L.<=2.0000000	2.0000000<.L.<=2.5000000	2.5000000<.L.<=3.0000000	3.0000000<.L.<=3.5000000	3.5000000<.L.<=4.0000000	4.0000000<.L.<=4.5000000	.L.>4.5000000	0<.SA.<=0.5000000	0.5000000<.SA.<=1.0000000	1.0000000<.SA.<=1.5000000	1.5000000<.SA.<=2.0000000	2.0000000<.SA.<=2.5000000	2.5000000<.SA.<=3.0000000	3.0000000<.SA.<=3.5000000	3.5000000<.SA.<=4.0000000	4.0000000<.SA.<=4.5000000	.SA.>4.5000000	0<.PA.<=0.5000000	0.5000000<.PA.<=1.0000000	1.0000000<.PA.<=1.5000000	1.5000000<.PA.<=2.0000000	2.0000000<.PA.<=2.5000000	2.5000000<.PA.<=3.0000000	3.0000000<.PA.<=3.5000000	3.5000000<.PA.<=4.0000000	4.0000000<.PA.<=4.5000000	.PA.>4.5000000	0<.V.<=0.5000000	0.5000000<.V.<=1.0000000	1.0000000<.V.<=1.5000000	1.5000000<.V.<=2.0000000	2.0000000<.V.<=2.5000000	2.5000000<.V.<=3.0000000	3.0000000<.V.<=3.5000000	3.5000000<.V.<=4.0000000	4.0000000<.V.<=4.5000000	.V.>4.5000000	0<.T.<=0.5000000	0.5000000<.T.<=1.0000000	1.0000000<.T.<=1.5000000	1.5000000<.T.<=2.0000000	2.0000000<.T.<=2.5000000	2.5000000<.T.<=3.0000000	3.0000000<.T.<=3.5000000	3.5000000<.T.<=4.0000000	4.0000000<.T.<=4.5000000	.T.>4.5000000	GrpName	Background	GrpName	Healthy	GrpName	Disease	
SampleId	COLOR	Name	OwnerGroup	Specifications/NClass	Def Filt/Bg	Length(cm)	ProjArea(cm2)	SurfArea(cm2)	AvgDiam(mm)	Volume(cm3)	Tips	
SampleId	LINK	Link#	Seedling#		Length(cm)	ProjArea(cm2)	SurfArea(cm2)	AvgDiam(mm)	EE-EI-II-IL-BL	Angle(deg)	Magnitude	Altitude	Order	Father	Brother1	Brother2	Baby1	Baby2	Baby3	GrpName	Background	GrpName	Healthy	GrpName	Disease	
SampleId	DEV	Order#	Seedling#	NofLinks	TotalLength(cm)	TotalProjArea(cm2)	TotSurfArea(cm2)	AvgLength(cm)	AvgProjArea(cm2)	AvgSurfArea(cm2)	AvgDiam(mm)									GrpName	Background	GrpName	Healthy	GrpName	Disease	
SampleId	AXIS	Order#	Seedling#	Axis#	TotalLength(cm)	TotalProjArea(cm2)	TotSurfArea(cm2)	AvgLength(cm)	AvgProjArea(cm2)	AvgSurfArea(cm2)	AvgDiam(mm)									GrpName	Background	GrpName	Healthy	GrpName	Disease	NofLinks	FirstLink#	SecondLink#	ThirdLink#	...	
1-11-QG-003-CV		2026/9/24 13:08:53	1_11-QG-003_ԭͼ-CV-UNet.tif		143.9615	14.0289	10.2617	5496 3156 8814 5580  0	MAG ANG DIAM LEN	Clr Intr cm 0.004228 0.004233 Scanner.Cal	GreyThdAutom-184	Smooth Off Area Off LWRatio Off	Off	1.000000	41.4968		2.1135		6.6398		0.5093		41.4968		0.085	0.000	0.000	125	68	1									0											10	0.0000000 0.5000000 1.0000000 1.5000000 2.0000000 2.5000000 3.0000000 3.5000000 4.0000000 4.5000000 	25.3961	15.0616	1.0391	0.0000	0.0000	0.0000	0.0000	0.0000	0.0000	0.0000	2.5981	3.1971	0.3498	0.0000	0.0000	0.0000	0.0000	0.0000	0.0000	0.0000	0.8270	1.0177	0.1114	0.0000	0.0000	0.0000	0.0000	0.0000	0.0000	0.0000	0.0236	0.0563	0.0094	0.0000	0.0000	0.0000	0.0000	0.0000	0.0000	0.0000	119	5	1	0	0	0	0	0	0	0	
1-11-QG-003-UNET		2026/9/24 13:08:53	1_11-QG-003_ԭͼ-CV-UNet.tif		134.7939	13.5723	9.9315	10548 3270 13758 5616  0	MAG ANG DIAM LEN	Clr Intr cm 0.004228 0.004233 Scanner.Cal	GreyThdAutom-184	Smooth Off Area Off LWRatio Off	Off	1.000000	41.8142		2.3270		7.3106		0.5565		41.8142		0.102	0.000	0.000	121	153	1									0											10	0.0000000 0.5000000 1.0000000 1.5000000 2.0000000 2.5000000 3.0000000 3.5000000 4.0000000 4.5000000 	21.6384	18.8746	1.3011	0.0000	0.0000	0.0000	0.0000	0.0000	0.0000	0.0000	2.1814	4.0653	0.4479	0.0000	0.0000	0.0000	0.0000	0.0000	0.0000	0.0000	0.6944	1.2940	0.1426	0.0000	0.0000	0.0000	0.0000	0.0000	0.0000	0.0000	0.0203	0.0724	0.0124	0.0000	0.0000	0.0000	0.0000	0.0000	0.0000	0.0000	111	10	0	0	0	0	0	0	0	0	
2-20-CL-001-CV		2026/9/24 13:09:39	2_20-CL-001_ԭͼ-CV-UNet.tif		93.4089	7.6614	12.1922	7332 1260 9144 4140  0	MAG ANG DIAM LEN	Clr Intr cm 0.004228 0.004233 Scanner.Cal	GreyThdAutom-172	Smooth Off Area Off LWRatio Off	Off	1.000000	25.0221		1.4300		4.4926		0.5715		25.0221		0.064	0.000	0.000	60	40	0									0											10	0.0000000 0.5000000 1.0000000 1.5000000 2.0000000 2.5000000 3.0000000 3.5000000 4.0000000 4.5000000 	13.3386	9.6362	2.0301	0.0173	0.0000	0.0000	0.0000	0.0000	0.0000	0.0000	1.4607	2.0910	0.7049	0.0084	0.0000	0.0000	0.0000	0.0000	0.0000	0.0000	0.4650	0.6656	0.2244	0.0027	0.0000	0.0000	0.0000	0.0000	0.0000	0.0000	0.0140	0.0377	0.0196	0.0003	0.0000	0.0000	0.0000	0.0000	0.0000	0.0000	54	5	1	0	0	0	0	0	0	0	
2-20-CL-001-UNET		2026/9/24 13:09:39	2_20-CL-001_ԭͼ-CV-UNet.tif		89.8165	7.7375	11.6080	12300 1218 14130 3960  0	MAG ANG DIAM LEN	Clr Intr cm 0.004228 0.004233 Scanner.Cal	GreyThdAutom-172	Smooth Off Area Off LWRatio Off	Off	1.000000	22.8017		1.4851		4.6657		0.6513		22.8017		0.076	0.000	0.000	27	92	6									0											10	0.0000000 0.5000000 1.0000000 1.5000000 2.0000000 2.5000000 3.0000000 3.5000000 4.0000000 4.5000000 	7.9959	12.2385	2.5271	0.0398	0.0000	0.0000	0.0000	0.0000	0.0000	0.0000	0.8220	2.5901	0.8885	0.0195	0.0000	0.0000	0.0000	0.0000	0.0000	0.0000	0.2616	0.8244	0.2828	0.0062	0.0000	0.0000	0.0000	0.0000	0.0000	0.0000	0.0081	0.0454	0.0250	0.0008	0.0000	0.0000	0.0000	0.0000	0.0000	0.0000	23	4	0	0	0	0	0	0	0	0	
3-14-B-GP-001-CV		2026/9/24 13:10:48	3_14-B-GP-001_ԭͼ-CV-UNet.tif		238.7725	16.6673	14.3258	5742 1902 9684 5286  0	MAG ANG DIAM LEN	Clr Intr cm 0.004228 0.004233 Scanner.Cal	GreyThdAutom-185	Smooth Off Area Off LWRatio Off	Off	1.000000	95.0142		4.6447		14.5917		0.4888		95.0142		0.178	0.000	0.000	426	314	9									0											10	0.0000000 0.5000000 1.0000000 1.5000000 2.0000000 2.5000000 3.0000000 3.5000000 4.0000000 4.5000000 	71.3167	13.1742	5.3252	5.1023	0.0955	0.0000	0.0000	0.0000	0.0000	0.0000	5.5034	2.7116	2.1273	2.6417	0.0629	0.0000	0.0000	0.0000	0.0000	0.0000	1.7518	0.8631	0.6771	0.8409	0.0200	0.0000	0.0000	0.0000	0.0000	0.0000	0.0406	0.0458	0.0688	0.1094	0.0033	0.0000	0.0000	0.0000	0.0000	0.0000	421	3	1	1	0	0	0	0	0	0	
3-14-B-GP-001-UNET		2026/9/24 13:10:48	3_14-B-GP-001_ԭͼ-CV-UNet.tif		218.7517	16.0077	13.6654	10692 1962 14478 5190  0	MAG ANG DIAM LEN	Clr Intr cm 0.004228 0.004233 Scanner.Cal	GreyThdAutom-185	Smooth Off Area Off LWRatio Off	Off	1.000000	117.9626		5.0620		15.9027		0.4291		117.9626		0.171	0.000	0.000	570	855	27									0											10	0.0000000 0.5000000 1.0000000 1.5000000 2.0000000 2.5000000 3.0000000 3.5000000 4.0000000 4.5000000 	94.3343	14.2231	5.1519	3.6991	0.3949	0.0000	0.0000	0.0000	0.0000	0.0000	6.7108	3.0244	2.0410	1.9379	0.2738	0.0000	0.0000	0.0000	0.0000	0.0000	2.1361	0.9627	0.6497	0.6169	0.0872	0.0000	0.0000	0.0000	0.0000	0.0000	0.0497	0.0533	0.0652	0.0812	0.0152	0.0000	0.0000	0.0000	0.0000	0.0000	563	6	1	0	0	0	0	0	0	0	
4-74-003-CV		2026/9/24 13:11:39	4_74-003_ԭͼ-CV-UNet.tif		491.5455	24.8953	19.7445	7136 320 13024 4984  0	MAG ANG DIAM LEN	Clr Intr cm 0.004228 0.004233 Scanner.Cal	GreyThdAutom-153	Smooth Off Area Off LWRatio Off	Off	1.000000	203.2365		11.2483		35.3376		0.5535		203.2365		0.489	0.000	0.000	483	537	7									0											10	0.0000000 0.5000000 1.0000000 1.5000000 2.0000000 2.5000000 3.0000000 3.5000000 4.0000000 4.5000000 	102.4125	89.7632	10.5133	0.5163	0.0310	0.0000	0.0000	0.0000	0.0000	0.0000	10.0803	18.7511	3.7497	0.2826	0.0213	0.0000	0.0000	0.0000	0.0000	0.0000	3.2086	5.9687	1.1936	0.0899	0.0068	0.0000	0.0000	0.0000	0.0000	0.0000	0.0913	0.3217	0.1075	0.0124	0.0012	0.0000	0.0000	0.0000	0.0000	0.0000	443	38	2	0	0	0	0	0	0	0	
4-74-003-UNET		2026/9/24 13:11:39	4_74-003_ԭͼ-CV-UNet.tif		555.9373	27.6351	20.1171	14000 256 20536 5008  0	MAG ANG DIAM LEN	Clr Intr cm 0.004228 0.004233 Scanner.Cal	GreyThdAutom-153	Smooth Off Area Off LWRatio Off	Off	1.000000	210.7149		11.7726		36.9848		0.5587		210.7149		0.517	0.000	0.000	233	161	0									0											10	0.0000000 0.5000000 1.0000000 1.5000000 2.0000000 2.5000000 3.0000000 3.5000000 4.0000000 4.5000000 	80.4135	118.2185	11.9388	0.1092	0.0349	0.0000	0.0000	0.0000	0.0000	0.0000	5.0080	26.1500	4.2350	0.0542	0.0249	0.0000	0.0000	0.0000	0.0000	0.0000	1.5941	8.3238	1.3481	0.0172	0.0079	0.0000	0.0000	0.0000	0.0000	0.0000	0.0451	0.4733	0.1205	0.0021	0.0014	0.0000	0.0000	0.0000	0.0000	0.0000	198	33	2	0	0	0	0	0	0	0	
5-270-001-CV		2026/9/24 13:12:38	5_270-001_ԭͼ-CV-UNet.tif		408.6047	23.0687	17.7125	7584 368 13040 4552  0	MAG ANG DIAM LEN	Clr Intr cm 0.004228 0.004233 Scanner.Cal	GreyThdAutom-170	Smooth Off Area Off LWRatio Off	Off	1.000000	203.9752		10.3482		32.5099		0.5073		203.9752		0.412	0.000	0.000	800	510	10									0											10	0.0000000 0.5000000 1.0000000 1.5000000 2.0000000 2.5000000 3.0000000 3.5000000 4.0000000 4.5000000 	131.0565	57.4378	14.2862	0.9510	0.2435	0.0000	0.0000	0.0000	0.0000	0.0000	10.8805	12.7137	5.1141	0.4937	0.1605	0.0000	0.0000	0.0000	0.0000	0.0000	3.4634	4.0469	1.6279	0.1572	0.0511	0.0000	0.0000	0.0000	0.0000	0.0000	0.0866	0.2328	0.1472	0.0205	0.0084	0.0000	0.0000	0.0000	0.0000	0.0000	753	40	6	0	1	0	0	0	0	0	
5-270-001-UNET		2026/9/24 13:12:38	5_270-001_ԭͼ-CV-UNet.tif		473.2864	26.4174	17.9157	13880 392 20128 4624  0	MAG ANG DIAM LEN	Clr Intr cm 0.004228 0.004233 Scanner.Cal	GreyThdAutom-170	Smooth Off Area Off LWRatio Off	Off	1.000000	273.0352		12.7792		40.1472		0.4680		273.0352		0.470	0.000	0.000	676	711	10									0											10	0.0000000 0.5000000 1.0000000 1.5000000 2.0000000 2.5000000 3.0000000 3.5000000 4.0000000 4.5000000 	178.1612	78.2301	15.6504	0.9931	0.0000	0.0000	0.0000	0.0000	0.0000	0.0000	13.0051	17.3795	5.6306	0.5316	0.0000	0.0000	0.0000	0.0000	0.0000	0.0000	4.1396	5.5321	1.7923	0.1692	0.0000	0.0000	0.0000	0.0000	0.0000	0.0000	0.1048	0.3190	0.1627	0.0228	0.0000	0.0000	0.0000	0.0000	0.0000	0.0000	619	49	7	1	0	0	0	0	0	0	
6-37-CL-004-CV		2026/9/24 13:13:11	6_37-CL-004_ԭͼ-CV-UNet.tif		129.7666	14.1389	9.1780	5584 2264 8928 4432  0	MAG ANG DIAM LEN	Clr Intr cm 0.004228 0.004233 Scanner.Cal	GreyThdAutom-173	Smooth Off Area Off LWRatio Off	Off	1.000000	48.0029		2.4813		7.7953		0.5169		48.0029		0.101	0.000	0.000	120	116	0									0											10	0.0000000 0.5000000 1.0000000 1.5000000 2.0000000 2.5000000 3.0000000 3.5000000 4.0000000 4.5000000 	27.1114	20.7394	0.1522	0.0000	0.0000	0.0000	0.0000	0.0000	0.0000	0.0000	3.0026	4.0651	0.0503	0.0000	0.0000	0.0000	0.0000	0.0000	0.0000	0.0000	0.9558	1.2940	0.0160	0.0000	0.0000	0.0000	0.0000	0.0000	0.0000	0.0000	0.0296	0.0653	0.0013	0.0000	0.0000	0.0000	0.0000	0.0000	0.0000	0.0000	106	14	0	0	0	0	0	0	0	0	
6-37-CL-004-UNET		2026/9/24 13:13:11	6_37-CL-004_ԭͼ-CV-UNet.tif		119.9469	12.7859	9.3812	10568 2224 13592 4440  0	MAG ANG DIAM LEN	Clr Intr cm 0.004228 0.004233 Scanner.Cal	GreyThdAutom-173	Smooth Off Area Off LWRatio Off	Off	1.000000	41.6355		2.7616		8.6758		0.6633		41.6355		0.144	0.000	0.000	86	112	1									0											10	0.0000000 0.5000000 1.0000000 1.5000000 2.0000000 2.5000000 3.0000000 3.5000000 4.0000000 4.5000000 	10.6270	29.0795	1.8599	0.0690	0.0000	0.0000	0.0000	0.0000	0.0000	0.0000	1.1811	6.1143	0.6613	0.0376	0.0000	0.0000	0.0000	0.0000	0.0000	0.0000	0.3759	1.9462	0.2105	0.0120	0.0000	0.0000	0.0000	0.0000	0.0000	0.0000	0.0121	0.1055	0.0189	0.0016	0.0000	0.0000	0.0000	0.0000	0.0000	0.0000	69	16	1	0	0	0	0	0	0	0	
7-90-001-CV		2026/9/24 13:14:21	7_90-001_ԭͼ-CV-UNet.tif		479.8802	26.4850	18.1189	7616 320 13880 4600  0	MAG ANG DIAM LEN	Clr Intr cm 0.004228 0.004233 Scanner.Cal	GreyThdAutom-152	Smooth Off Area Off LWRatio Off	Off	1.000000	234.9971		13.1847		41.4209		0.5611		234.9971		0.581	0.000	0.000	523	424	9									0											10	0.0000000 0.5000000 1.0000000 1.5000000 2.0000000 2.5000000 3.0000000 3.5000000 4.0000000 4.5000000 	139.6804	73.9905	16.4571	3.8418	0.5064	0.1602	0.2691	0.0000	0.0000	0.0000	13.3126	15.9615	6.2341	2.0256	0.3451	0.1446	0.2581	0.0000	0.0000	0.0000	4.2375	5.0807	1.9844	0.6448	0.1098	0.0460	0.0822	0.0000	0.0000	0.0000	0.1152	0.2849	0.1911	0.0854	0.0188	0.0104	0.0197	0.0000	0.0000	0.0000	476	34	13	0	0	0	0	0	0	0	
7-90-001-UNET		2026/9/24 13:14:21	7_90-001_ԭͼ-CV-UNet.tif		464.6317	26.2821	17.6787	14672 312 20888 4488  0	MAG ANG DIAM LEN	Clr Intr cm 0.004228 0.004233 Scanner.Cal	GreyThdAutom-152	Smooth Off Area Off LWRatio Off	Off	1.000000	224.7437		14.7015		46.1861		0.6541		224.7437		0.755	0.000	0.000	368	382	4									0											10	0.0000000 0.5000000 1.0000000 1.5000000 2.0000000 2.5000000 3.0000000 3.5000000 4.0000000 4.5000000 	95.6563	102.9529	20.9031	4.0540	0.6132	0.2159	0.3058	0.0423	0.0000	0.0000	10.5282	22.1822	7.7535	2.1113	0.4319	0.1882	0.2949	0.0493	0.0000	0.0000	3.3512	7.0608	2.4680	0.6720	0.1375	0.0599	0.0939	0.0157	0.0000	0.0000	0.1027	0.3952	0.2325	0.0880	0.0243	0.0131	0.0226	0.0046	0.0000	0.0000	302	54	10	2	0	0	0	0	0	0	
8-32-MZ-002-CV		2026/9/24 13:15:01	8_32-MZ-002_ԭͼ-CV-UNet.tif		120.4887	13.2256	9.1103	6088 4520 9216 6672  0	MAG ANG DIAM LEN	Clr Intr cm 0.004228 0.004233 Scanner.Cal	GreyThdAutom-179	Smooth Off Area Off LWRatio Off	Off	1.000000	54.5868		2.0252		6.3625		0.3710		54.5868		0.059	0.000	0.000	286	147	6									0											10	0.0000000 0.5000000 1.0000000 1.5000000 2.0000000 2.5000000 3.0000000 3.5000000 4.0000000 4.5000000 	44.9037	8.7980	0.8850	0.0000	0.0000	0.0000	0.0000	0.0000	0.0000	0.0000	3.3965	1.8810	0.3088	0.0000	0.0000	0.0000	0.0000	0.0000	0.0000	0.0000	1.0811	0.5987	0.0983	0.0000	0.0000	0.0000	0.0000	0.0000	0.0000	0.0000	0.0252	0.0332	0.0087	0.0000	0.0000	0.0000	0.0000	0.0000	0.0000	0.0000	276	10	0	0	0	0	0	0	0	0	
8-32-MZ-002-UNET		2026/9/24 13:15:01	8_32-MZ-002_ԭͼ-CV-UNet.tif		116.4712	12.1094	9.6183	11088 4448 13952 6720  0	MAG ANG DIAM LEN	Clr Intr cm 0.004228 0.004233 Scanner.Cal	GreyThdAutom-179	Smooth Off Area Off LWRatio Off	Off	1.000000	71.1093		2.4512		7.7007		0.3447		71.1093		0.066	0.000	0.000	335	394	19									0											10	0.0000000 0.5000000 1.0000000 1.5000000 2.0000000 2.5000000 3.0000000 3.5000000 4.0000000 4.5000000 	60.4365	9.8256	0.7075	0.1395	0.0000	0.0000	0.0000	0.0000	0.0000	0.0000	4.2323	2.1843	0.2378	0.0727	0.0000	0.0000	0.0000	0.0000	0.0000	0.0000	1.3472	0.6953	0.0757	0.0231	0.0000	0.0000	0.0000	0.0000	0.0000	0.0000	0.0299	0.0399	0.0064	0.0030	0.0000	0.0000	0.0000	0.0000	0.0000	0.0000	329	6	0	0	0	0	0	0	0	0	
9-34-CL-004-CV		2026/9/24 13:16:14	9_34-CL-004_ԭͼ-CV-UNet.tif		405.9974	19.6524	20.6590	5336 1608 9984 6488  0	MAG ANG DIAM LEN	Clr Intr cm 0.004228 0.004233 Scanner.Cal	GreyThdAutom-179	Smooth Off Area Off LWRatio Off	Off	1.000000	261.8416		10.9813		34.4986		0.4194		261.8416		0.362	0.000	0.000	1088	931	27									0											10	0.0000000 0.5000000 1.0000000 1.5000000 2.0000000 2.5000000 3.0000000 3.5000000 4.0000000 4.5000000 	202.5466	55.1343	3.9316	0.2282	0.0000	0.0000	0.0000	0.0000	0.0000	0.0000	17.2599	11.1824	1.4345	0.1232	0.0000	0.0000	0.0000	0.0000	0.0000	0.0000	5.4940	3.5595	0.4566	0.0392	0.0000	0.0000	0.0000	0.0000	0.0000	0.0000	0.1382	0.1862	0.0422	0.0053	0.0000	0.0000	0.0000	0.0000	0.0000	0.0000	1042	44	2	0	0	0	0	0	0	0	
9-34-CL-004-UNET		2026/9/24 13:16:14	9_34-CL-004_ԭͼ-CV-UNet.tif		377.0079	18.1302	20.7944	10440 1576 14728 6488  0	MAG ANG DIAM LEN	Clr Intr cm 0.004228 0.004233 Scanner.Cal	GreyThdAutom-179	Smooth Off Area Off LWRatio Off	Off	1.000000	295.9675		12.4455		39.0988		0.4205		295.9675		0.411	0.000	0.000	1263	1963	62									0											10	0.0000000 0.5000000 1.0000000 1.5000000 2.0000000 2.5000000 3.0000000 3.5000000 4.0000000 4.5000000 	224.3213	66.5571	4.4599	0.5266	0.0000	0.0000	0.0000	0.0000	0.0000	0.0000	18.6223	13.5039	1.6149	0.2741	0.0000	0.0000	0.0000	0.0000	0.0000	0.0000	5.9277	4.2984	0.5140	0.0873	0.0000	0.0000	0.0000	0.0000	0.0000	0.0000	0.1503	0.2249	0.0470	0.0114	0.0000	0.0000	0.0000	0.0000	0.0000	0.0000	1214	48	1	0	0	0	0	0	0	0	
10-25-B-CL-002-CV		2026/9/24 13:17:00	10_25-B-CL-002_ԭͼ-CV-UNet.tif		137.6939	13.5977	10.1263	6224 3128 9440 5520  0	MAG ANG DIAM LEN	Clr Intr cm 0.004228 0.004233 Scanner.Cal	GreyThdAutom-182	Smooth Off Area Off LWRatio Off	Off	1.000000	39.8923		3.3988		10.6778		0.8520		39.8923		0.227	0.000	0.000	108	97	1									0											10	0.0000000 0.5000000 1.0000000 1.5000000 2.0000000 2.5000000 3.0000000 3.5000000 4.0000000 4.5000000 	11.0296	18.7957	6.8333	1.4599	0.6555	0.6883	0.3964	0.0165	0.0000	0.0000	0.9063	4.1651	2.6404	0.7630	0.4452	0.5713	0.3919	0.0183	0.0000	0.0000	0.2885	1.3258	0.8405	0.2429	0.1417	0.1819	0.1248	0.0058	0.0000	0.0000	0.0074	0.0760	0.0821	0.0319	0.0241	0.0379	0.0309	0.0016	0.0000	0.0000	91	14	2	0	1	0	0	0	0	0	
10-25-B-CL-002-UNET		2026/9/24 13:17:00	10_25-B-CL-002_ԭͼ-CV-UNet.tif		126.0573	13.2933	9.4828	11216 3120 14360 5360  0	MAG ANG DIAM LEN	Clr Intr cm 0.004228 0.004233 Scanner.Cal	GreyThdAutom-182	Smooth Off Area Off LWRatio Off	Off	1.000000	42.7197		3.3622		10.5625		0.7870		42.7197		0.208	0.000	0.000	84	436	9									0											10	0.0000000 0.5000000 1.0000000 1.5000000 2.0000000 2.5000000 3.0000000 3.5000000 4.0000000 4.5000000 	12.9863	19.3493	8.2011	1.3003	0.4327	0.3685	0.0813	0.0000	0.0000	0.0000	1.0214	4.3675	3.0740	0.6710	0.2963	0.3113	0.0800	0.0000	0.0000	0.0000	0.3251	1.3902	0.9785	0.2136	0.0943	0.0991	0.0255	0.0000	0.0000	0.0000	0.0082	0.0808	0.0930	0.0278	0.0162	0.0209	0.0063	0.0000	0.0000	0.0000	70	9	5	0	0	0	0	0	0	0	
4-74-003-man		2026/9/24 16:59:55	4_74-003-man.jpg	  Adobe Photoshop 26.3 (Windows) 2026:09:24 16:58:45	522.2817	25.9185	20.1510	280 140 6410 4900  0	MAG ANG DIAM LEN	Clr Intr cm 0.004228 0.004233 Scanner.Cal	GreyThdAutom-153	Smooth Off Area Off LWRatio Off	Off	1.000000	174.0034		12.4001		38.9561		0.7126		174.0034		0.694	0.000	0.000	524	195	1									0											10	0.0000000 0.5000000 1.0000000 1.5000000 2.0000000 2.5000000 3.0000000 3.5000000 4.0000000 4.5000000 	40.1955	115.3070	17.9229	0.5675	0.0105	0.0000	0.0000	0.0000	0.0000	0.0000	4.0153	26.3500	6.4921	0.3024	0.0110	0.0000	0.0000	0.0000	0.0000	0.0000	1.2781	8.3875	2.0665	0.0963	0.0035	0.0000	0.0000	0.0000	0.0000	0.0000	0.0392	0.4931	0.1890	0.0129	0.0008	0.0000	0.0000	0.0000	0.0000	0.0000	483	35	5	1	0	0	0	0	0	0	
1-11-QG-003-MAN		2026/9/24 17:00:28	1_11-QG-003-man.jpg	  Adobe Photoshop 26.3 (Windows) 2026:09:24 16:00:59	35.9983	7.2555	4.9615	284 1464 2000 2636  0	MAG ANG DIAM LEN	Clr Intr cm 0.004228 0.004233 Scanner.Cal	GreyThdAutom-180	Smooth Off Area Off LWRatio Off	Off	1.000000	17.9827		0.5106		1.6041		0.2839		17.9827		0.011	0.000	0.000	66	101	3									0											10	0.0000000 0.5000000 1.0000000 1.5000000 2.0000000 2.5000000 3.0000000 3.5000000 4.0000000 4.5000000 	17.6767	0.3059	0.0000	0.0000	0.0000	0.0000	0.0000	0.0000	0.0000	0.0000	1.3702	0.0558	0.0000	0.0000	0.0000	0.0000	0.0000	0.0000	0.0000	0.0000	0.4362	0.0178	0.0000	0.0000	0.0000	0.0000	0.0000	0.0000	0.0000	0.0000	0.0101	0.0008	0.0000	0.0000	0.0000	0.0000	0.0000	0.0000	0.0000	0.0000	66	0	0	0	0	0	0	0	0	0	
5-270-001-MAN		2026/9/24 17:05:07	5_270-001-man.jpg	  Adobe Photoshop 26.3 (Windows) 2026:09:24 17:04:27	466.9618	27.1954	17.1706	192 144 6624 4200  0	MAG ANG DIAM LEN	Clr Intr cm 0.004228 0.004233 Scanner.Cal	GreyThdAutom-165	Smooth Off Area Off LWRatio Off	Off	1.000000	240.2611		11.7190		36.8163		0.4878		240.2611		0.449	0.000	0.000	838	960	38									0											10	0.0000000 0.5000000 1.0000000 1.5000000 2.0000000 2.5000000 3.0000000 3.5000000 4.0000000 4.5000000 	156.1437	63.9714	17.9532	2.0215	0.0219	0.0000	0.0000	0.0000	0.0000	0.0000	11.7791	14.0579	6.5635	1.0481	0.0140	0.0000	0.0000	0.0000	0.0000	0.0000	3.7494	4.4748	2.0892	0.3336	0.0044	0.0000	0.0000	0.0000	0.0000	0.0000	0.0907	0.2554	0.1936	0.0434	0.0007	0.0000	0.0000	0.0000	0.0000	0.0000	800	26	9	3	0	0	0	0	0	0	
1-11-QG-003-ORI		2026/9/24 17:08:30	1_11-QG-003.jpg		115.2890	12.5153	9.2119	336 1540 1816 2628  0	MAG ANG DIAM LEN	Clr Intr cm 0.008456 0.008467 Scanner.Cal	GreyThdAutom-187	Smooth Off Area Off LWRatio Off	Off	1.000000	47.8866		3.4469		10.8286		0.7198		47.8866		0.195	0.000	0.000	119	227	10									0											10	0.0000000 0.5000000 1.0000000 1.5000000 2.0000000 2.5000000 3.0000000 3.5000000 4.0000000 4.5000000 	20.2787	20.4090	4.9714	1.7787	0.1952	0.0303	0.0000	0.0000	0.0000	0.0000	2.0167	4.6929	1.8304	0.9502	0.1235	0.0250	0.0000	0.0000	0.0000	0.0000	0.6419	1.4938	0.5826	0.3024	0.0393	0.0079	0.0000	0.0000	0.0000	0.0000	0.0188	0.0895	0.0543	0.0406	0.0062	0.0016	0.0000	0.0000	0.0000	0.0000	106	12	1	0	0	0	0	0	0	0	
4-74-003-ORI		2026/9/24 17:09:13	4_74-003.jpg		502.3595	25.9777	19.3381	168 192 6312 4760  0	MAG ANG DIAM LEN	Clr Intr cm 0.004228 0.004233 Scanner.Cal	GreyThdAutom-135	Smooth Off Area Off LWRatio Off	Off	1.000000	200.5505		14.0781		44.2277		0.7020		200.5505		0.776	0.000	0.000	602	1226	133									0											10	0.0000000 0.5000000 1.0000000 1.5000000 2.0000000 2.5000000 3.0000000 3.5000000 4.0000000 4.5000000 	56.1824	116.6941	25.2969	2.1957	0.1018	0.0729	0.0000	0.0000	0.0000	0.0000	4.9901	26.5981	9.2143	1.1475	0.0613	0.0602	0.0000	0.0000	0.0000	0.0000	1.5884	8.4664	2.9330	0.3653	0.0195	0.0192	0.0000	0.0000	0.0000	0.0000	0.0470	0.4972	0.2706	0.0479	0.0029	0.0040	0.0000	0.0000	0.0000	0.0000	551	44	7	0	0	0	0	0	0	0	
5-270-001-ORI		2026/9/24 17:09:44	5_270-001.jpg		489.9944	27.0939	18.0851	24 64 6432 4336  0	MAG ANG DIAM LEN	Clr Intr cm 0.004228 0.004233 Scanner.Cal	GreyThdAutom-148	Smooth Off Area Off LWRatio Off	Off	1.000000	266.6117		14.2716		44.8357		0.5353		266.6117		0.600	0.000	0.000	975	1591	82									0											10	0.0000000 0.5000000 1.0000000 1.5000000 2.0000000 2.5000000 3.0000000 3.5000000 4.0000000 4.5000000 	163.4156	72.8410	26.9227	2.4877	0.7110	0.0560	0.0408	0.0000	0.0000	0.0000	12.9725	16.2042	9.8831	1.3272	0.4885	0.0455	0.0430	0.0000	0.0000	0.0000	4.1293	5.1580	3.1459	0.4225	0.1555	0.0145	0.0137	0.0000	0.0000	0.0000	0.1026	0.2986	0.2924	0.0567	0.0268	0.0029	0.0036	0.0000	0.0000	0.0000	932	36	7	0	0	0	0	0	0	0	
